Tested with fralusopark report 

	Separation threshold: 0.5

	Accuracy:             0.5428571428571428

	Precision:            0.5591397849462365

	Recall:               0.6933333333333334

	Specificity:          0.36923076923076925

	F1-Score:             0.6190476190476191