Tested with fralusopark report 

	Separation threshold: 0.5

	Accuracy:             0.5571428571428572

	Precision:            0.5565217391304348

	Recall:               0.8533333333333334

	Specificity:          0.2153846153846154

	F1-Score:             0.6736842105263158