Tested with fralusopark report 

	Separation threshold: 0.5

	Accuracy:             0.5357142857142857

	Precision:            0.5462962962962963

	Recall:               0.7866666666666666

	Specificity:          0.24615384615384617

	F1-Score:             0.644808743169399
