Tested with fralusopark report 

	Separation threshold: 0.5

	Accuracy:             0.5714285714285714

	Precision:            0.5806451612903226

	Recall:               0.72

	Specificity:          0.4

	F1-Score:             0.6428571428571428