Trained with MDVR_KCL and part fralusopark report 

	Separation threshold: 0.5

	Accuracy:             0.5714285714285714

	Precision:            0.8333333333333334

	Recall:               0.5

	Specificity:          0.75

	F1-Score:             0.625