Trained with fralusopark and part Gita report 

	Separation threshold: 0.5

	Accuracy:             0.7

	Precision:            0.6666666666666666

	Recall:               0.8

	Specificity:          0.6

	F1-Score:             0.7272727272727272