Trained with fralusopark and part Gita report 

	Separation threshold: 0.5

	Accuracy:             0.5

	Precision:            0.42857142857142855

	Recall:               0.75

	Specificity:          0.3333333333333333

	F1-Score:             0.5454545454545454