Trained with fralusopark and part Gita report 

	Separation threshold: 0.5

	Accuracy:             0.4

	Precision:            0.6

	Recall:               0.42857142857142855

	Specificity:          0.3333333333333333

	F1-Score:             0.5