Trained with fralusopark and part Gita report 

	Separation threshold: 0.5

	Accuracy:             0.8

	Precision:            0.6666666666666666

	Recall:               1.0

	Specificity:          0.6666666666666666

	F1-Score:             0.8