Trained with fralusopark and part Gita report 

	Separation threshold: 0.5

	Accuracy:             0.9

	Precision:            0.875

	Recall:               1.0

	Specificity:          0.6666666666666666

	F1-Score:             0.9333333333333333