Trained with MDVR KCL report 

	Separation threshold: 0.5

	Accuracy:             0.5916666666666667

	Precision:            0.6261682242990654

	Recall:               0.536

	Specificity:          0.6521739130434783

	F1-Score:             0.5775862068965517