Trained with MDVR KCL report 

	Separation threshold: 0.5

	Accuracy:             0.5833333333333334

	Precision:            0.6190476190476191

	Recall:               0.52

	Specificity:          0.6521739130434783

	F1-Score:             0.5652173913043478