Tested with MDVR KCL report 

	Separation threshold: 0.5

	Accuracy:             0.43243243243243246

	Precision:            0.42857142857142855

	Recall:               0.9375

	Specificity:          0.047619047619047616

	F1-Score:             0.588235294117647