Trained with MDVR KCL report 

	Separation threshold: 0.5

	Accuracy:             0.5708333333333333

	Precision:            0.6078431372549019

	Recall:               0.496

	Specificity:          0.6521739130434783

	F1-Score:             0.5462555066079294