Trained with MDVR KCL report 

	Separation threshold: 0.5

	Accuracy:             0.5875

	Precision:            0.6274509803921569

	Recall:               0.512

	Specificity:          0.6695652173913044

	F1-Score:             0.5638766519823789