Trained with MDVR KCL report 

	Separation threshold: 0.5

	Accuracy:             0.5625

	Precision:            0.5925925925925926

	Recall:               0.512

	Specificity:          0.6173913043478261

	F1-Score:             0.5493562231759657