Trained with MDVR KCL report 

	Separation threshold: 0.5

	Accuracy:             0.5833333333333334

	Precision:            0.616822429906542

	Recall:               0.528

	Specificity:          0.6434782608695652

	F1-Score:             0.5689655172413793