Trained with MDVR KCL report 

	Separation threshold: 0.5

	Accuracy:             0.5666666666666667

	Precision:            0.5929203539823009

	Recall:               0.536

	Specificity:          0.6

	F1-Score:             0.5630252100840336