Trained with MDVR KCL report 

	Separation threshold: 0.5

	Accuracy:             0.5583333333333333

	Precision:            0.584070796460177

	Recall:               0.528

	Specificity:          0.591304347826087

	F1-Score:             0.5546218487394958