Trained with MDVR KCL report 

	Separation threshold: 0.5

	Accuracy:             0.5833333333333334

	Precision:            0.6106194690265486

	Recall:               0.552

	Specificity:          0.6173913043478261

	F1-Score:             0.5798319327731093