Tested with MDVR KCL report 

	Separation threshold: 0.5

	Accuracy:             0.4864864864864865

	Precision:            0.45714285714285713

	Recall:               1.0

	Specificity:          0.09523809523809523

	F1-Score:             0.6274509803921569