Tested with MDVR KCL report 

	Separation threshold: 0.5

	Accuracy:             0.5135135135135135

	Precision:            0.47058823529411764

	Recall:               1.0

	Specificity:          0.14285714285714285

	F1-Score:             0.6399999999999999