Trained with MDVR KCL report 

	Separation threshold: 0.5

	Accuracy:             0.5833333333333334

	Precision:            0.6213592233009708

	Recall:               0.512

	Specificity:          0.6608695652173913

	F1-Score:             0.5614035087719298