Trained with MDVR KCL report 

	Separation threshold: 0.5

	Accuracy:             0.5708333333333333

	Precision:            0.5982142857142857

	Recall:               0.536

	Specificity:          0.6086956521739131

	F1-Score:             0.5654008438818566