Trained with MDVR KCL report 

	Separation threshold: 0.5

	Accuracy:             0.6041666666666666

	Precision:            0.6415094339622641

	Recall:               0.544

	Specificity:          0.6695652173913044

	F1-Score:             0.5887445887445888