Trained with MDVR KCL report 

	Separation threshold: 0.5

	Accuracy:             0.5875

	Precision:            0.6203703703703703

	Recall:               0.536

	Specificity:          0.6434782608695652

	F1-Score:             0.5751072961373391