Trained with MDVR KCL report 

	Separation threshold: 0.5

	Accuracy:             0.5958333333333333

	Precision:            0.6320754716981132

	Recall:               0.536

	Specificity:          0.6608695652173913

	F1-Score:             0.5800865800865801