Trained with MDVR KCL report 

	Separation threshold: 0.5

	Accuracy:             0.5875

	Precision:            0.6120689655172413

	Recall:               0.568

	Specificity:          0.6086956521739131

	F1-Score:             0.5892116182572614