Trained with MDVR KCL report 

	Separation threshold: 0.5

	Accuracy:             0.5791666666666667

	Precision:            0.6071428571428571

	Recall:               0.544

	Specificity:          0.6173913043478261

	F1-Score:             0.5738396624472574