Trained with MDVR KCL report 

	Separation threshold: 0.5

	Accuracy:             0.5625

	Precision:            0.5909090909090909

	Recall:               0.52

	Specificity:          0.6086956521739131

	F1-Score:             0.5531914893617023