Trained with MDVR KCL report 

	Separation threshold: 0.5

	Accuracy:             0.5708333333333333

	Precision:            0.6018518518518519

	Recall:               0.52

	Specificity:          0.6260869565217392

	F1-Score:             0.5579399141630902