Trained with MDVR KCL report 

	Separation threshold: 0.5

	Accuracy:             0.5916666666666667

	Precision:            0.6238532110091743

	Recall:               0.544

	Specificity:          0.6434782608695652

	F1-Score:             0.5811965811965812