Trained with MDVR KCL report 

	Separation threshold: 0.5

	Accuracy:             0.6

	Precision:            0.6283185840707964

	Recall:               0.568

	Specificity:          0.6347826086956522

	F1-Score:             0.5966386554621849