Trained with MDVR KCL report 

	Separation threshold: 0.5

	Accuracy:             0.5666666666666667

	Precision:            0.5945945945945946

	Recall:               0.528

	Specificity:          0.6086956521739131

	F1-Score:             0.559322033898305