Trained with MDVR KCL report 

	Separation threshold: 0.5

	Accuracy:             0.5416666666666666

	Precision:            0.5728155339805825

	Recall:               0.472

	Specificity:          0.6173913043478261

	F1-Score:             0.5175438596491229