Tested with MDVR KCL report 

	Separation threshold: 0.5

	Accuracy:             0.4594594594594595

	Precision:            0.4444444444444444

	Recall:               1.0

	Specificity:          0.047619047619047616

	F1-Score:             0.6153846153846153