Trained with MDVR KCL report 

	Separation threshold: 0.5

	Accuracy:             0.5666666666666667

	Precision:            0.591304347826087

	Recall:               0.544

	Specificity:          0.591304347826087

	F1-Score:             0.5666666666666667