Trained with gita and part fralusopark report 

	Separation threshold: 0.5

	Accuracy:             0.9285714285714286

	Precision:            0.9

	Recall:               1.0

	Specificity:          0.8

	F1-Score:             0.9473684210526316