Fralusopark Baseline report 

	Separation threshold: 0.5

	Accuracy:             0.5

	Precision:            0.5

	Recall:               0.5714285714285714

	Specificity:          0.42857142857142855

	F1-Score:             0.5333333333333333