Fralusopark Baseline report 

	Separation threshold: 0.5

	Accuracy:             0.7142857142857143

	Precision:            0.75

	Recall:               0.75

	Specificity:          0.6666666666666666

	F1-Score:             0.75