Fralusopark Baseline report 

	Separation threshold: 0.5

	Accuracy:             0.5

	Precision:            0.5

	Recall:               0.8571428571428571

	Specificity:          0.14285714285714285

	F1-Score:             0.631578947368421