Fralusopark Baseline report 

	Separation threshold: 0.5

	Accuracy:             0.6428571428571429

	Precision:            0.8571428571428571

	Recall:               0.6

	Specificity:          0.75

	F1-Score:             0.7058823529411764