Fralusopark Baseline report 

	Separation threshold: 0.5

	Accuracy:             0.6428571428571429

	Precision:            0.6666666666666666

	Recall:               0.75

	Specificity:          0.5

	F1-Score:             0.7058823529411765