Fralusopark Baseline report 

	Separation threshold: 0.5

	Accuracy:             0.35714285714285715

	Precision:            0.6666666666666666

	Recall:               0.36363636363636365

	Specificity:          0.3333333333333333

	F1-Score:             0.4705882352941177