Fralusopark Baseline report 

	Separation threshold: 0.5

	Accuracy:             0.5714285714285714

	Precision:            0.4

	Recall:               1.0

	Specificity:          0.4

	F1-Score:             0.5714285714285715