Fralusopark Baseline report 

	Separation threshold: 0.5

	Accuracy:             0.7857142857142857

	Precision:            0.7777777777777778

	Recall:               0.875

	Specificity:          0.6666666666666666

	F1-Score:             0.823529411764706