Fralusopark Baseline report 

	Separation threshold: 0.5

	Accuracy:             0.6428571428571429

	Precision:            0.7142857142857143

	Recall:               0.625

	Specificity:          0.6666666666666666

	F1-Score:             0.6666666666666666