Fralusopark Baseline report 

	Separation threshold: 0.5

	Accuracy:             0.5714285714285714

	Precision:            0.6

	Recall:               0.42857142857142855

	Specificity:          0.7142857142857143

	F1-Score:             0.5