Fralusopark Baseline report 

	Separation threshold: 0.5

	Accuracy:             0.6428571428571429

	Precision:            0.5454545454545454

	Recall:               1.0

	Specificity:          0.375

	F1-Score:             0.7058823529411764