Fralusopark Baseline report 

	Separation threshold: 0.5

	Accuracy:             0.42857142857142855

	Precision:            0.375

	Recall:               0.5

	Specificity:          0.375

	F1-Score:             0.42857142857142855