Fralusopark Baseline report 

	Separation threshold: 0.5

	Accuracy:             0.5714285714285714

	Precision:            0.75

	Recall:               0.375

	Specificity:          0.8333333333333334

	F1-Score:             0.5