Fralusopark Baseline report 

	Separation threshold: 0.5

	Accuracy:             0.9285714285714286

	Precision:            0.8

	Recall:               1.0

	Specificity:          0.9

	F1-Score:             0.888888888888889