Fralusopark Baseline report 

	Separation threshold: 0.5

	Accuracy:             0.8571428571428571

	Precision:            0.8

	Recall:               1.0

	Specificity:          0.6666666666666666

	F1-Score:             0.888888888888889