Fralusopark Baseline report 

	Separation threshold: 0.5

	Accuracy:             0.6428571428571429

	Precision:            0.5714285714285714

	Recall:               0.6666666666666666

	Specificity:          0.625

	F1-Score:             0.6153846153846153