Fralusopark Baseline report 

	Separation threshold: 0.5

	Accuracy:             0.6428571428571429

	Precision:            0.6363636363636364

	Recall:               0.875

	Specificity:          0.3333333333333333

	F1-Score:             0.7368421052631579