Fralusopark Baseline report 

	Separation threshold: 0.5

	Accuracy:             0.7857142857142857

	Precision:            0.7272727272727273

	Recall:               1.0

	Specificity:          0.5

	F1-Score:             0.8421052631578948