Fralusopark Baseline report 

	Separation threshold: 0.5

	Accuracy:             0.7142857142857143

	Precision:            0.2

	Recall:               1.0

	Specificity:          0.6923076923076923

	F1-Score:             0.33333333333333337