Fralusopark Baseline report 

	Separation threshold: 0.5

	Accuracy:             0.6428571428571429

	Precision:            0.42857142857142855

	Recall:               0.75

	Specificity:          0.6

	F1-Score:             0.5454545454545454