Fralusopark Baseline report 

	Separation threshold: 0.5

	Accuracy:             0.8571428571428571

	Precision:            0.8333333333333334

	Recall:               0.8333333333333334

	Specificity:          0.875

	F1-Score:             0.8333333333333334