Fralusopark Baseline report 

	Separation threshold: 0.5

	Accuracy:             0.9285714285714286

	Precision:            0.9090909090909091

	Recall:               1.0

	Specificity:          0.75

	F1-Score:             0.9523809523809523