Fralusopark Baseline report 

	Separation threshold: 0.5

	Accuracy:             0.9285714285714286

	Precision:            0.8333333333333334

	Recall:               1.0

	Specificity:          0.8888888888888888

	F1-Score:             0.9090909090909091