Trained with fralusopark and part MDVR_KCL report 

	Separation threshold: 0.5

	Accuracy:             0.5

	Precision:            0.6666666666666666

	Recall:               0.6666666666666666

	Specificity:          0.0

	F1-Score:             0.6666666666666666