Tested with MDVR KCL report 

	Separation threshold: 0.5

	Accuracy:             0.5405405405405406

	Precision:            0.4838709677419355

	Recall:               0.9375

	Specificity:          0.23809523809523808

	F1-Score:             0.6382978723404255