Tested with fralusopark report 

	Separation threshold: 0.5

	Accuracy:             0.55

	Precision:            0.59375

	Recall:               0.5066666666666667

	Specificity:          0.6

	F1-Score:             0.5467625899280575