Tested with fralusopark report 

	Separation threshold: 0.5

	Accuracy:             0.55

	Precision:            0.5697674418604651

	Recall:               0.6533333333333333

	Specificity:          0.4307692307692308

	F1-Score:             0.608695652173913