Tested with fralusopark report 

	Separation threshold: 0.5

	Accuracy:             0.5714285714285714

	Precision:            0.6229508196721312

	Recall:               0.5066666666666667

	Specificity:          0.6461538461538462

	F1-Score:             0.5588235294117647