Tested with fralusopark report 

	Separation threshold: 0.5

	Accuracy:             0.55

	Precision:            0.5555555555555556

	Recall:               0.8

	Specificity:          0.26153846153846155

	F1-Score:             0.6557377049180328