Gita baseline report 

	Separation threshold: 0.5

	Accuracy:             0.08

	Precision:            0.5

	Recall:               0.15384615384615385

	Specificity:          0.8333333333333334

	F1-Score:             0.23529411764705882