Fralusopark Baseline report 

	Separation threshold: 0.5

	Accuracy:             0.9285714285714286

	Precision:            1.0

	Recall:               0.8571428571428571

	Specificity:          1.0

	F1-Score:             0.923076923076923