Fralusopark Baseline report 

	Separation threshold: 0.5

	Accuracy:             0.7142857142857143

	Precision:            0.75

	Recall:               0.9

	Specificity:          0.25

	F1-Score:             0.8181818181818182