Fralusopark Baseline report 

	Separation threshold: 0.5

	Accuracy:             0.8571428571428571

	Precision:            0.8571428571428571

	Recall:               0.8571428571428571

	Specificity:          0.8571428571428571

	F1-Score:             0.8571428571428571