Tested with Gita report 

	Separation threshold: 0.5

	Accuracy:             0.64

	Precision:            0.6206896551724138

	Recall:               0.72

	Specificity:          0.56

	F1-Score:             0.6666666666666666