Trained with MDVR_KCL and part fralusopark report 

	Separation threshold: 0.5

	Accuracy:             0.7857142857142857

	Precision:            0.8181818181818182

	Recall:               0.9

	Specificity:          0.5

	F1-Score:             0.8571428571428572