Fralusopark Baseline report 

	Separation threshold: 0.5

	Accuracy:             0.9285714285714286

	Precision:            0.875

	Recall:               1.0

	Specificity:          0.8571428571428571

	F1-Score:             0.9333333333333333