Trained with fralusopark and part MDVR_KCL report 

	Separation threshold: 0.5

	Accuracy:             0.75

	Precision:            0.5

	Recall:               1.0

	Specificity:          0.6666666666666666

	F1-Score:             0.6666666666666666