Trained with gita and part fralusopark report 

	Separation threshold: 0.5

	Accuracy:             0.8571428571428571

	Precision:            0.8888888888888888

	Recall:               0.8888888888888888

	Specificity:          0.8

	F1-Score:             0.8888888888888888