Trained with gita and part fralusopark report 

	Separation threshold: 0.5

	Accuracy:             0.5

	Precision:            0.4444444444444444

	Recall:               0.6666666666666666

	Specificity:          0.375

	F1-Score:             0.5333333333333333