Trained with gita and part fralusopark report 

	Separation threshold: 0.5

	Accuracy:             0.8571428571428571

	Precision:            0.8333333333333334

	Recall:               1.0

	Specificity:          0.5

	F1-Score:             0.9090909090909091