Trained with gita and part fralusopark report 

	Separation threshold: 0.5

	Accuracy:             0.7857142857142857

	Precision:            0.75

	Recall:               0.8571428571428571

	Specificity:          0.7142857142857143

	F1-Score:             0.7999999999999999