Trained with gita and part fralusopark report 

	Separation threshold: 0.5

	Accuracy:             0.5714285714285714

	Precision:            0.5555555555555556

	Recall:               0.7142857142857143

	Specificity:          0.42857142857142855

	F1-Score:             0.6250000000000001