Trained with gita and part fralusopark report 

	Separation threshold: 0.5

	Accuracy:             0.5714285714285714

	Precision:            0.5

	Recall:               1.0

	Specificity:          0.25

	F1-Score:             0.6666666666666666