Tested with Gita report 

	Separation threshold: 0.5

	Accuracy:             0.54

	Precision:            0.5238095238095238

	Recall:               0.88

	Specificity:          0.2

	F1-Score:             0.6567164179104478