Tested with Gita report 

	Separation threshold: 0.5

	Accuracy:             0.53

	Precision:            0.5180722891566265

	Recall:               0.86

	Specificity:          0.2

	F1-Score:             0.6466165413533834