Tested with Gita report 

	Separation threshold: 0.5

	Accuracy:             0.55

	Precision:            0.5294117647058824

	Recall:               0.9

	Specificity:          0.2

	F1-Score:             0.6666666666666667