Tested with Gita report 

	Separation threshold: 0.5

	Accuracy:             0.58

	Precision:            0.5454545454545454

	Recall:               0.96

	Specificity:          0.2

	F1-Score:             0.6956521739130435