Tested with Gita report 

	Separation threshold: 0.5

	Accuracy:             0.56

	Precision:            0.5405405405405406

	Recall:               0.8

	Specificity:          0.32

	F1-Score:             0.6451612903225806