Tested with Gita report 

	Separation threshold: 0.5

	Accuracy:             0.6

	Precision:            0.5657894736842105

	Recall:               0.86

	Specificity:          0.34

	F1-Score:             0.6825396825396826