Tested with Gita report 

	Separation threshold: 0.5

	Accuracy:             0.54

	Precision:            0.5476190476190477

	Recall:               0.46

	Specificity:          0.62

	F1-Score:             0.5000000000000001