Gita Baseline report 

	Separation threshold: 0.5

	Accuracy:             0.6

	Precision:            0.4

	Recall:               0.6666666666666666

	Specificity:          0.5714285714285714

	F1-Score:             0.5