Gita Baseline report 

	Separation threshold: 0.5

	Accuracy:             0.8

	Precision:            0.7142857142857143

	Recall:               1.0

	Specificity:          0.6

	F1-Score:             0.8333333333333333