Gita Baseline report 

	Separation threshold: 0.5

	Accuracy:             0.8

	Precision:            0.6666666666666666

	Recall:               0.6666666666666666

	Specificity:          0.8571428571428571

	F1-Score:             0.6666666666666666