Gita Baseline report 

	Separation threshold: 0.5

	Accuracy:             0.9

	Precision:            1.0

	Recall:               0.8333333333333334

	Specificity:          1.0

	F1-Score:             0.9090909090909091