Trained with Gita report 

	Separation threshold: 0.5

	Accuracy:             0.480225988700565

	Precision:            0.4942528735632184

	Recall:               0.4725274725274725

	Specificity:          0.4883720930232558

	F1-Score:             0.4831460674157303