Tested with Gita report 

	Separation threshold: 0.5

	Accuracy:             0.59

	Precision:            0.5584415584415584

	Recall:               0.86

	Specificity:          0.32

	F1-Score:             0.6771653543307087