Tested with Gita report 

	Separation threshold: 0.5

	Accuracy:             0.55

	Precision:            0.5342465753424658

	Recall:               0.78

	Specificity:          0.32

	F1-Score:             0.6341463414634146