Trained with Gita report 

	Separation threshold: 0.5

	Accuracy:             0.5028248587570622

	Precision:            0.5172413793103449

	Recall:               0.4945054945054945

	Specificity:          0.5116279069767442

	F1-Score:             0.50561797752809