Tested with Gita report 

	Separation threshold: 0.5

	Accuracy:             0.64

	Precision:            0.6590909090909091

	Recall:               0.58

	Specificity:          0.7

	F1-Score:             0.6170212765957446
