Trained with Gita report 

	Separation threshold: 0.5

	Accuracy:             0.5141242937853108

	Precision:            0.5301204819277109

	Recall:               0.4835164835164835

	Specificity:          0.5465116279069767

	F1-Score:             0.5057471264367817