Trained with Gita report 

	Separation threshold: 0.5

	Accuracy:             0.519774011299435

	Precision:            0.5348837209302325

	Recall:               0.5054945054945055

	Specificity:          0.5348837209302325

	F1-Score:             0.5197740112994349