Trained with Gita report 

	Separation threshold: 0.5

	Accuracy:             0.519774011299435

	Precision:            0.5365853658536586

	Recall:               0.4835164835164835

	Specificity:          0.5581395348837209

	F1-Score:             0.5086705202312138