Trained with Gita report 

	Separation threshold: 0.5

	Accuracy:             0.4971751412429379

	Precision:            0.5121951219512195

	Recall:               0.46153846153846156

	Specificity:          0.5348837209302325

	F1-Score:             0.48554913294797686