Tested with Gita report 

	Separation threshold: 0.5

	Accuracy:             0.61

	Precision:            0.5846153846153846

	Recall:               0.76

	Specificity:          0.46

	F1-Score:             0.6608695652173914