Trained with Gita report 

	Separation threshold: 0.5

	Accuracy:             0.519774011299435

	Precision:            0.5357142857142857

	Recall:               0.4945054945054945

	Specificity:          0.5465116279069767

	F1-Score:             0.5142857142857143