Trained with Gita report 

	Separation threshold: 0.5

	Accuracy:             0.5028248587570622

	Precision:            0.5180722891566265

	Recall:               0.4725274725274725

	Specificity:          0.5348837209302325

	F1-Score:             0.4942528735632184