Trained with Gita report 

	Separation threshold: 0.5

	Accuracy:             0.536723163841808

	Precision:            0.5529411764705883

	Recall:               0.5164835164835165

	Specificity:          0.5581395348837209

	F1-Score:             0.5340909090909091