Trained with Gita report 

	Separation threshold: 0.5

	Accuracy:             0.5310734463276836

	Precision:            0.5425531914893617

	Recall:               0.5604395604395604

	Specificity:          0.5

	F1-Score:             0.5513513513513513