Trained with Gita report 

	Separation threshold: 0.5

	Accuracy:             0.5254237288135594

	Precision:            0.5432098765432098

	Recall:               0.4835164835164835

	Specificity:          0.5697674418604651

	F1-Score:             0.5116279069767442