Trained with Gita report 

	Separation threshold: 0.5

	Accuracy:             0.5028248587570622

	Precision:            0.5185185185185185

	Recall:               0.46153846153846156

	Specificity:          0.5465116279069767

	F1-Score:             0.48837209302325585