Trained with Gita report 

	Separation threshold: 0.5

	Accuracy:             0.4971751412429379

	Precision:            0.5119047619047619

	Recall:               0.4725274725274725

	Specificity:          0.5232558139534884

	F1-Score:             0.4914285714285714