Tested with Gita report 

	Separation threshold: 0.5

	Accuracy:             0.67

	Precision:            0.6440677966101694

	Recall:               0.76

	Specificity:          0.58

	F1-Score:             0.6972477064220184