Trained with Gita report 

	Separation threshold: 0.5

	Accuracy:             0.5423728813559322

	Precision:            0.5568181818181818

	Recall:               0.5384615384615384

	Specificity:          0.5465116279069767

	F1-Score:             0.547486033519553