Tested with Gita report 

	Separation threshold: 0.5

	Accuracy:             0.65

	Precision:            0.6119402985074627

	Recall:               0.82

	Specificity:          0.48

	F1-Score:             0.7008547008547008