Tested with Gita report 

	Separation threshold: 0.5

	Accuracy:             0.65

	Precision:            0.6153846153846154

	Recall:               0.8

	Specificity:          0.5

	F1-Score:             0.6956521739130435