Trained with Gita report 

	Separation threshold: 0.5

	Accuracy:             0.5254237288135594

	Precision:            0.5421686746987951

	Recall:               0.4945054945054945

	Specificity:          0.5581395348837209

	F1-Score:             0.5172413793103448