Tested with Gita report 

	Separation threshold: 0.5

	Accuracy:             0.62

	Precision:            0.5857142857142857

	Recall:               0.82

	Specificity:          0.42

	F1-Score:             0.6833333333333333