Trained with Gita report 

	Separation threshold: 0.5

	Accuracy:             0.519774011299435

	Precision:            0.5333333333333333

	Recall:               0.5274725274725275

	Specificity:          0.5116279069767442

	F1-Score:             0.5303867403314917