Trained with Gita report 

	Separation threshold: 0.5

	Accuracy:             0.5480225988700564

	Precision:            0.5647058823529412

	Recall:               0.5274725274725275

	Specificity:          0.5697674418604651

	F1-Score:             0.5454545454545454