Trained with Gita report 

	Separation threshold: 0.5

	Accuracy:             0.4858757062146893

	Precision:            0.5

	Recall:               0.45054945054945056

	Specificity:          0.5232558139534884

	F1-Score:             0.4739884393063584
