Trained with Gita report 

	Separation threshold: 0.5

	Accuracy:             0.5254237288135594

	Precision:            0.5368421052631579

	Recall:               0.5604395604395604

	Specificity:          0.4883720930232558

	F1-Score:             0.5483870967741935