Trained with Gita report 

	Separation threshold: 0.5

	Accuracy:             0.5028248587570622

	Precision:            0.5168539325842697

	Recall:               0.5054945054945055

	Specificity:          0.5

	F1-Score:             0.5111111111111112