Trained with Gita report 

	Separation threshold: 0.5

	Accuracy:             0.519774011299435

	Precision:            0.5340909090909091

	Recall:               0.5164835164835165

	Specificity:          0.5232558139534884

	F1-Score:             0.5251396648044693