Trained with Gita report 

	Separation threshold: 0.5

	Accuracy:             0.5254237288135594

	Precision:            0.5384615384615384

	Recall:               0.5384615384615384

	Specificity:          0.5116279069767442

	F1-Score:             0.5384615384615384