Trained with Gita report 

	Separation threshold: 0.5

	Accuracy:             0.5649717514124294

	Precision:            0.5853658536585366

	Recall:               0.5274725274725275

	Specificity:          0.6046511627906976

	F1-Score:             0.5549132947976879