Trained with Gita report 

	Separation threshold: 0.5

	Accuracy:             0.5084745762711864

	Precision:            0.5232558139534884

	Recall:               0.4945054945054945

	Specificity:          0.5232558139534884

	F1-Score:             0.5084745762711864