Trained with Gita report 

	Separation threshold: 0.5

	Accuracy:             0.4915254237288136

	Precision:            0.5053763440860215

	Recall:               0.5164835164835165

	Specificity:          0.46511627906976744

	F1-Score:             0.5108695652173914