Trained with MDVR_KCL and part fralusopark report 

	Separation threshold: 0.5

	Accuracy:             0.5

	Precision:            0.6666666666666666

	Recall:               0.6

	Specificity:          0.25

	F1-Score:             0.631578947368421