Trained with MDVR_KCL and part fralusopark report 

	Separation threshold: 0.5

	Accuracy:             0.5

	Precision:            0.75

	Recall:               0.3333333333333333

	Specificity:          0.8

	F1-Score:             0.46153846153846156