Trained with MDVR_KCL and part fralusopark report 

	Separation threshold: 0.5

	Accuracy:             0.5

	Precision:            0.3333333333333333

	Recall:               0.4

	Specificity:          0.5555555555555556

	F1-Score:             0.3636363636363636