Trained with MDVR_KCL and part fralusopark report 

	Separation threshold: 0.5

	Accuracy:             0.5

	Precision:            0.36363636363636365

	Recall:               1.0

	Specificity:          0.3

	F1-Score:             0.5333333333333333