Trained with MDVR_KCL and part fralusopark report 

	Separation threshold: 0.5

	Accuracy:             0.7857142857142857

	Precision:            0.8888888888888888

	Recall:               0.8

	Specificity:          0.75

	F1-Score:             0.8421052631578948