Trained with MDVR_KCL and part fralusopark report 

	Separation threshold: 0.5

	Accuracy:             0.7142857142857143

	Precision:            0.7777777777777778

	Recall:               0.7777777777777778

	Specificity:          0.6

	F1-Score:             0.7777777777777778