Gita Baseline report 

	Separation threshold: 0.5

	Accuracy:             0.8

	Precision:            1.0

	Recall:               0.7142857142857143

	Specificity:          1.0

	F1-Score:             0.8333333333333333