Gita Baseline report 

	Separation threshold: 0.5

	Accuracy:             0.7

	Precision:            0.6666666666666666

	Recall:               0.5

	Specificity:          0.8333333333333334

	F1-Score:             0.5714285714285715