Gita Baseline report 

	Separation threshold: 0.5

	Accuracy:             0.7

	Precision:            0.5

	Recall:               0.6666666666666666

	Specificity:          0.7142857142857143

	F1-Score:             0.5714285714285715