Gita Baseline report 

	Separation threshold: 0.5

	Accuracy:             0.7

	Precision:            0.7142857142857143

	Recall:               0.8333333333333334

	Specificity:          0.5

	F1-Score:             0.7692307692307692