Gita Baseline report 

	Separation threshold: 0.5

	Accuracy:             0.9

	Precision:            0.8

	Recall:               1.0

	Specificity:          0.8333333333333334

	F1-Score:             0.888888888888889
