Gita Baseline report 

	Separation threshold: 0.5

	Accuracy:             0.3

	Precision:            0.3333333333333333

	Recall:               0.16666666666666666

	Specificity:          0.5

	F1-Score:             0.2222222222222222