Gita Baseline report 

	Separation threshold: 0.5

	Accuracy:             0.9

	Precision:            0.75

	Recall:               1.0

	Specificity:          0.8571428571428571

	F1-Score:             0.8571428571428571