Gita baseline report 

	Separation threshold: 0.5

	Accuracy:             0.7

	Precision:            0.8333333333333334

	Recall:               0.7142857142857143

	Specificity:          0.6666666666666666

	F1-Score:             0.7692307692307692