Trained with fralusopark report 

	Separation threshold: 0.5

	Accuracy:             0.5182481751824818

	Precision:            0.5

	Recall:               0.48484848484848486

	Specificity:          0.5492957746478874

	F1-Score:             0.49230769230769234