Trained with fralusopark report 

	Separation threshold: 0.5

	Accuracy:             0.45985401459854014

	Precision:            0.4393939393939394

	Recall:               0.4393939393939394

	Specificity:          0.4788732394366197

	F1-Score:             0.4393939393939394