Trained with fralusopark report 

	Separation threshold: 0.5

	Accuracy:             0.43795620437956206

	Precision:            0.42028985507246375

	Recall:               0.4393939393939394

	Specificity:          0.43661971830985913

	F1-Score:             0.42962962962962964