Trained with fralusopark report 

	Separation threshold: 0.5

	Accuracy:             0.5036496350364964

	Precision:            0.4861111111111111

	Recall:               0.5303030303030303

	Specificity:          0.4788732394366197

	F1-Score:             0.5072463768115942