Trained with fralusopark report 

	Separation threshold: 0.5

	Accuracy:             0.49635036496350365

	Precision:            0.47761194029850745

	Recall:               0.48484848484848486

	Specificity:          0.5070422535211268

	F1-Score:             0.48120300751879697