Trained with fralusopark report 

	Separation threshold: 0.5

	Accuracy:             0.5109489051094891

	Precision:            0.49230769230769234

	Recall:               0.48484848484848486

	Specificity:          0.5352112676056338

	F1-Score:             0.4885496183206107