Tested with fralusopark report 

	Separation threshold: 0.5

	Accuracy:             0.55

	Precision:            0.581081081081081

	Recall:               0.5733333333333334

	Specificity:          0.5230769230769231

	F1-Score:             0.5771812080536912