Tested with fralusopark report 

	Separation threshold: 0.5

	Accuracy:             0.55

	Precision:            0.5789473684210527

	Recall:               0.5866666666666667

	Specificity:          0.5076923076923077

	F1-Score:             0.5827814569536424