Tested with fralusopark report 

	Separation threshold: 0.5

	Accuracy:             0.5785714285714286

	Precision:            0.58

	Recall:               0.7733333333333333

	Specificity:          0.35384615384615387

	F1-Score:             0.6628571428571428