Trained with fralusopark report 

	Separation threshold: 0.5

	Accuracy:             0.48175182481751827

	Precision:            0.4626865671641791

	Recall:               0.4696969696969697

	Specificity:          0.49295774647887325

	F1-Score:             0.4661654135338346