Tested with fralusopark report 

	Separation threshold: 0.5

	Accuracy:             0.5571428571428572

	Precision:            0.5684210526315789

	Recall:               0.72

	Specificity:          0.36923076923076925

	F1-Score:             0.6352941176470588