Trained with fralusopark report 

	Separation threshold: 0.5

	Accuracy:             0.5255474452554745

	Precision:            0.5079365079365079

	Recall:               0.48484848484848486

	Specificity:          0.5633802816901409

	F1-Score:             0.49612403100775193