Tested with fralusopark report 

	Separation threshold: 0.5

	Accuracy:             0.55

	Precision:            0.5714285714285714

	Recall:               0.64

	Specificity:          0.4461538461538462

	F1-Score:             0.6037735849056605