Tested with fralusopark report 

	Separation threshold: 0.5

	Accuracy:             0.55

	Precision:            0.5769230769230769

	Recall:               0.6

	Specificity:          0.49230769230769234

	F1-Score:             0.5882352941176471