Trained with fralusopark report 

	Separation threshold: 0.5

	Accuracy:             0.5182481751824818

	Precision:            0.5

	Recall:               0.45454545454545453

	Specificity:          0.5774647887323944

	F1-Score:             0.47619047619047616