Trained with fralusopark report 

	Separation threshold: 0.5

	Accuracy:             0.49635036496350365

	Precision:            0.47692307692307695

	Recall:               0.4696969696969697

	Specificity:          0.5211267605633803

	F1-Score:             0.47328244274809156