Trained with fralusopark report 

	Separation threshold: 0.5

	Accuracy:             0.49635036496350365

	Precision:            0.4788732394366197

	Recall:               0.5151515151515151

	Specificity:          0.4788732394366197

	F1-Score:             0.4963503649635036