Tested with fralusopark report 

	Separation threshold: 0.5

	Accuracy:             0.5571428571428572

	Precision:            0.5844155844155844

	Recall:               0.6

	Specificity:          0.5076923076923077

	F1-Score:             0.5921052631578947