Trained with fralusopark report 

	Separation threshold: 0.5

	Accuracy:             0.4744525547445255

	Precision:            0.4583333333333333

	Recall:               0.5

	Specificity:          0.4507042253521127

	F1-Score:             0.4782608695652174