Trained with fralusopark report 

	Separation threshold: 0.5

	Accuracy:             0.5109489051094891

	Precision:            0.49206349206349204

	Recall:               0.4696969696969697

	Specificity:          0.5492957746478874

	F1-Score:             0.48062015503875966