Trained with fralusopark report 

	Separation threshold: 0.5

	Accuracy:             0.49635036496350365

	Precision:            0.4782608695652174

	Recall:               0.5

	Specificity:          0.49295774647887325

	F1-Score:             0.4888888888888889