Tested with fralusopark report 

	Separation threshold: 0.5

	Accuracy:             0.5857142857142857

	Precision:            0.6075949367088608

	Recall:               0.64

	Specificity:          0.5230769230769231

	F1-Score:             0.6233766233766234