Trained with fralusopark report 

	Separation threshold: 0.5

	Accuracy:             0.45255474452554745

	Precision:            0.42857142857142855

	Recall:               0.4090909090909091

	Specificity:          0.49295774647887325

	F1-Score:             0.4186046511627907