Trained with fralusopark report 

	Separation threshold: 0.5

	Accuracy:             0.48905109489051096

	Precision:            0.46875

	Recall:               0.45454545454545453

	Specificity:          0.5211267605633803

	F1-Score:             0.4615384615384615