Tested with fralusopark report 

	Separation threshold: 0.5

	Accuracy:             0.5857142857142857

	Precision:            0.6049382716049383

	Recall:               0.6533333333333333

	Specificity:          0.5076923076923077

	F1-Score:             0.6282051282051282