Trained with fralusopark report 

	Separation threshold: 0.5

	Accuracy:             0.5401459854014599

	Precision:            0.5238095238095238

	Recall:               0.5

	Specificity:          0.5774647887323944

	F1-Score:             0.5116279069767442