Trained with fralusopark report 

	Separation threshold: 0.5

	Accuracy:             0.5036496350364964

	Precision:            0.4857142857142857

	Recall:               0.5151515151515151

	Specificity:          0.49295774647887325

	F1-Score:             0.5