Trained with fralusopark report 

	Separation threshold: 0.5

	Accuracy:             0.5182481751824818

	Precision:            0.5

	Recall:               0.5303030303030303

	Specificity:          0.5070422535211268

	F1-Score:             0.5147058823529411