Trained with fralusopark report 

	Separation threshold: 0.5

	Accuracy:             0.5328467153284672

	Precision:            0.5147058823529411

	Recall:               0.5303030303030303

	Specificity:          0.5352112676056338

	F1-Score:             0.5223880597014925