Trained with fralusopark report 

	Separation threshold: 0.5

	Accuracy:             0.5036496350364964

	Precision:            0.48484848484848486

	Recall:               0.48484848484848486

	Specificity:          0.5211267605633803

	F1-Score:             0.48484848484848486