Trained with fralusopark report 

	Separation threshold: 0.5

	Accuracy:             0.5109489051094891

	Precision:            0.4927536231884058

	Recall:               0.5151515151515151

	Specificity:          0.5070422535211268

	F1-Score:             0.5037037037037038