Trained with fralusopark report 

	Separation threshold: 0.5

	Accuracy:             0.4744525547445255

	Precision:            0.45714285714285713

	Recall:               0.48484848484848486

	Specificity:          0.4647887323943662

	F1-Score:             0.4705882352941177