Trained with fralusopark report 

	Separation threshold: 0.5

	Accuracy:             0.48905109489051096

	Precision:            0.4714285714285714

	Recall:               0.5

	Specificity:          0.4788732394366197

	F1-Score:             0.4852941176470588