Trained with fralusopark report 

	Separation threshold: 0.5

	Accuracy:             0.48175182481751827

	Precision:            0.463768115942029

	Recall:               0.48484848484848486

	Specificity:          0.4788732394366197

	F1-Score:             0.47407407407407404