Tested with MDVR KCL report 

	Separation threshold: 0.5

	Accuracy:             0.43243243243243246

	Precision:            0.43243243243243246

	Recall:               1.0

	Specificity:          0.0

	F1-Score:             0.6037735849056604