Tested with MDVR KCL report 

	Separation threshold: 0.5

	Accuracy:             0.6756756756756757

	Precision:            0.6

	Recall:               0.75

	Specificity:          0.6190476190476191

	F1-Score:             0.6666666666666665