Tested with MDVR KCL report 

	Separation threshold: 0.5

	Accuracy:             0.40540540540540543

	Precision:            0.4166666666666667

	Recall:               0.9375

	Specificity:          0.0

	F1-Score:             0.5769230769230769