Fralusopark Baseline report 

	Separation threshold: 0.5

	Accuracy:             0.7857142857142857

	Precision:            0.5714285714285714

	Recall:               1.0

	Specificity:          0.7

	F1-Score:             0.7272727272727273