Fralusopark Baseline report 

	Separation threshold: 0.5

	Accuracy:             0.8571428571428571

	Precision:            1.0

	Recall:               0.7777777777777778

	Specificity:          1.0

	F1-Score:             0.8750000000000001