Fralusopark Baseline report 

	Separation threshold: 0.5

	Accuracy:             0.8571428571428571

	Precision:            0.8181818181818182

	Recall:               1.0

	Specificity:          0.6

	F1-Score:             0.9