Fralusopark Baseline report 

	Separation threshold: 0.5

	Accuracy:             0.7142857142857143

	Precision:            0.5714285714285714

	Recall:               0.8

	Specificity:          0.6666666666666666

	F1-Score:             0.6666666666666666