Fralusopark Baseline report 

	Separation threshold: 0.5

	Accuracy:             0.7857142857142857

	Precision:            0.9

	Recall:               0.8181818181818182

	Specificity:          0.6666666666666666

	F1-Score:             0.8571428571428572