Fralusopark Baseline report 

	Separation threshold: 0.5

	Accuracy:             0.6428571428571429

	Precision:            0.6

	Recall:               0.8571428571428571

	Specificity:          0.42857142857142855

	F1-Score:             0.7058823529411764