Fralusopark Baseline report 

	Separation threshold: 0.5

	Accuracy:             0.7142857142857143

	Precision:            0.875

	Recall:               0.7

	Specificity:          0.75

	F1-Score:             0.7777777777777777