Fralusopark Baseline report 

	Separation threshold: 0.5

	Accuracy:             0.2857142857142857

	Precision:            0.5714285714285714

	Recall:               0.36363636363636365

	Specificity:          0.0

	F1-Score:             0.4444444444444444