Trained with fralusopark and part Gita report 

	Separation threshold: 0.5

	Accuracy:             0.6

	Precision:            0.5714285714285714

	Recall:               0.8

	Specificity:          0.4

	F1-Score:             0.6666666666666666