MDVR KCL Baseline report 

	Separation threshold: 0.5

	Accuracy:             0.5

	Precision:            0.3333333333333333

	Recall:               1.0

	Specificity:          0.3333333333333333

	F1-Score:             0.5