Trained with gita and part fralusopark report 

	Separation threshold: 0.5

	Accuracy:             0.5

	Precision:            0.375

	Recall:               0.6

	Specificity:          0.4444444444444444

	F1-Score:             0.4615384615384615