Trained with MDVR_KCL and part gita report 

	Separation threshold: 0.5

	Accuracy:             0.7

	Precision:            0.8

	Recall:               0.6666666666666666

	Specificity:          0.75

	F1-Score:             0.7272727272727272