Trained with MDVR_KCL and part gita report 

	Separation threshold: 0.5

	Accuracy:             0.8

	Precision:            0.6

	Recall:               1.0

	Specificity:          0.7142857142857143

	F1-Score:             0.7499999999999999