Trained with MDVR_KCL and part gita report 

	Separation threshold: 0.5

	Accuracy:             0.6

	Precision:            0.6666666666666666

	Recall:               0.6666666666666666

	Specificity:          0.5

	F1-Score:             0.6666666666666666