Fralusopark Baseline report 

	Separation threshold: 0.5

	Accuracy:             0.35714285714285715

	Precision:            0.4444444444444444

	Recall:               0.5

	Specificity:          0.16666666666666666

	F1-Score:             0.47058823529411764