Fralusopark Baseline report 

	Separation threshold: 0.5

	Accuracy:             0.35714285714285715

	Precision:            0.3333333333333333

	Recall:               0.5

	Specificity:          0.25

	F1-Score:             0.4