Fralusopark Baseline report 

	Separation threshold: 0.5

	Accuracy:             0.7857142857142857

	Precision:            0.5

	Recall:               1.0

	Specificity:          0.7272727272727273

	F1-Score:             0.6666666666666666