Fralusopark Baseline report 

	Separation threshold: 0.5

	Accuracy:             0.6428571428571429

	Precision:            0.5

	Recall:               1.0

	Specificity:          0.4444444444444444

	F1-Score:             0.6666666666666666