Fralusopark Baseline report 

	Separation threshold: 0.5

	Accuracy:             0.42857142857142855

	Precision:            0.3

	Recall:               0.75

	Specificity:          0.3

	F1-Score:             0.4285714285714285