Fralusopark Baseline report 

	Separation threshold: 0.5

	Accuracy:             0.7142857142857143

	Precision:            0.8571428571428571

	Recall:               0.6666666666666666

	Specificity:          0.8

	F1-Score:             0.75