Fralusopark Baseline report 

	Separation threshold: 0.5

	Accuracy:             0.5

	Precision:            0.6

	Recall:               0.375

	Specificity:          0.6666666666666666

	F1-Score:             0.4615384615384615